253,506,759,1012,1265,1518,1771,2024,2277,2530,2783,3036,3289,3542,3795,4048,4296,4519,4700,4844,4953,5032,5092,5145
506,1012,1518,2024,2530,3036,3542,4048,4554,5060,5566,6072,6578,7084,7590,8096,8593,9045,9418,9716,9940,10104,10231,10342
759,1518,2277,3036,3795,4554,5313,6072,6831,7590,8349,9108,9867,10626,11385,12144,12891,13576,14149,14608,14951,15206,15407,15582
1012,2024,3036,4048,5060,6072,7084,8096,9108,10120,11132,12144,13156,14168,15180,16192,17189,18107,18881,19502,19966,20315,20594,20838
1265,2530,3795,5060,6325,7590,8855,10120,11385,12650,13915,15180,16445,17710,18975,20240,21486,22636,23609,24392,24978,25421,25780,26101
1518,3036,4554,6072,7590,9108,10626,12144,13662,15180,16698,18216,19734,21252,22770,24288,25783,27163,28331,29272,29978,30515,30963,31382
1771,3542,5313,7084,8855,10626,12397,14168,15939,17710,19481,21252,23023,24794,26565,28336,30080,31689,33050,34144,34967,35602,36153,36695
2024,4048,6072,8096,10120,12144,14168,16192,18216,20240,22264,24288,26312,28336,30360,32384,34377,36216,37771,39017,39958,40700,41370,42050
2277,4554,6831,9108,11385,13662,15939,18216,20493,22770,25047,27324,29601,31878,34155,36432,38675,40748,42505,43913,44980,45841,46642,47464
2530,5060,7590,10120,12650,15180,17710,20240,22770,25300,27830,30360,32890,35420,37950,40480,42974,45286,47258,48849,50059,51048,51982,52945
2783,5566,8349,11132,13915,16698,19481,22264,25047,27830,30613,33396,36179,38962,41745,44528,47274,49827,52019,53801,55159,56276,57341,58446
3036,6072,9108,12144,15180,18216,21252,24288,27324,30360,33396,36432,39468,42504,45540,48576,51573,54363,56767,58735,60242,61489,62686,63934
3289,6578,9867,13156,16445,19734,23023,26312,29601,32890,36179,39468,42757,46046,49335,52624,55871,58894,61501,63648,65306,66688,68020,69414
3542,7084,10626,14168,17710,21252,24794,28336,31878,35420,38962,42504,46046,49588,53130,56672,60168,63421,66228,68553,70369,71893,73364,74906
3795,7590,11385,15180,18975,22770,26565,30360,34155,37950,41745,45540,49335,53130,56925,60720,64465,67947,70954,73461,75447,77124,78737,80424
4048,8096,12144,16192,20240,24288,28336,32384,36432,40480,44528,48576,52624,56672,60720,64768,68761,72471,75677,78372,80545,82391,84150,85972
4301,8602,12903,17204,21505,25806,30107,34408,38709,43010,47311,51612,55913,60214,64515,68816,73055,76986,80384,83271,85645,87679,89593,91540
4554,9108,13662,18216,22770,27324,31878,36432,40986,45540,50094,54648,59202,63756,68310,72864,77347,81491,85070,88151,90738,92978,95058,97125
4807,9614,14421,19228,24035,28842,33649,38456,43263,48070,52877,57684,62491,67298,72105,76912,81637,85986,89733,93005,95811,98269,100527,102722
5060,10120,15180,20240,25300,30360,35420,40480,45540,50600,55660,60720,65780,70840,75900,80961,85926,90470,94365,97812,100831,103512,105962,108305
5313,10626,15939,21252,26565,31878,37191,42504,47817,53130,58443,63756,69069,74382,79695,85010,90213,94943,98968,102570,105792,108697,111354,113875
5566,11132,16698,22264,27830,33396,38962,44528,50094,55660,61226,66792,72358,77924,83490,89059,94500,99411,103554,107297,110714,113840,116712,119434
5819,11638,17457,23276,29095,34914,40733,46552,52371,58190,64009,69828,75647,81466,87285,93108,98787,103880,108141,112021,115631,118976,122063,124992
6072,12144,18216,24288,30360,36432,42504,48576,54648,60720,66792,72864,78936,85008,91080,97157,103076,108355,112740,116762,120567,124129,127426,130555
